%YAML:1.0
---
K: !!opencv-matrix
   rows: 3
   cols: 3
   dt: d
   data: [ 1887.5281503864207, 0., 714.77888401407233, 0.,
       1869.9389496612464, 1222.1869677706261, 0., 0., 1. ]
D: !!opencv-matrix
   rows: 1
   cols: 5
   dt: d
   data: [ 0.30842556529691373, -2.5868910376299925,
       -0.016847981630633429, -0.0050774527785300448, 6.417110255250746 ]
