%YAML:1.0
---
K: !!opencv-matrix
   rows: 3
   cols: 3
   dt: d
   data: [ 1887.6598193189468, 0., 714.82300387846396, 0.,
       1870.0813223886414, 1222.134498179832, 0., 0., 1. ]
D: !!opencv-matrix
   rows: 1
   cols: 5
   dt: d
   data: [ 0.30842072971905776, -2.5872038614756732,
       -0.016864861299899354, -0.0050700287757437009, 6.4182927683786604 ]
